\documentclass[12pt, a4paper, french, titlepage]{article}
\usepackage[T1]{fontenc} % pour la police
\usepackage[french]{babel} % pour la langue
\usepackage{graphicx} % Required for inserting images
\usepackage{amsmath}
\usepackage{listings}
\usepackage[margin=2cm]{geometry}

\title{Système de recommandation}
\author{luc.lenoir, Philemon Droues }
\date{December 2023}

\begin{document}

\maketitle

\newpage
\tableofcontents

\newpage
\section{Introduction}
\paragraph{}
Ce rapport présente l'implementation de différent algorythme, ayant pour objectif de fournir un système de recommendation, ici pour des films.
Pour cela, les programmes ce baseront sur des jeux de données fournis, composé des données suivante:
\begin{itemize}
    \item Les utilisateurs
    \item Les films
    \item Les notes
\end{itemize}
.L'implémentation de ces algorythme (ici en langage python) aura dans un premier temps pour interet de determiner a similarités entre les différents utilisateurs, mais aussi de pouvoir prédir une note malgré des données manquante ou encore de mettre en place des filtres en fonction de utilisateurs et des films.

\newpage

\section{Cosinus}
\paragraph{}
La première méthode pour determiner la similaritée entre différents utilisateurs repose sur la similarité cosinus, une méthode permettant d'obtenir la similarité entre deux vecteurs.
\newline
La formule mathématique permettant d'obtenir la similarité est la suivante:
\newline
Celle ci ce traduis par l'algorythme suivant:
\begin{itemize}
    \item \textbf{Initialisation :}
    \begin{itemize}
        \item Initialisez la variable $\text{produit\_scalaire}$ à zéro.
        \item Initialisez les variables $\text{norme\_A}$ et $\text{norme\_B}$ à zéro.
    \end{itemize}
    
    \item \textbf{Calcul du Produit Scalaire :}
    \begin{itemize}
        \item Pour chaque élément correspondant $a_i$ de $A$ et $b_i$ de $B$, ajoutez $a_i \cdot b_i$ à $\text{produit\_scalaire}$.
    \end{itemize}
    
    \item \textbf{Calcul des Normes Euclidiennes :}
    \begin{itemize}
        \item Pour chaque élément $a_i$ de $A$, ajoutez $a_i^2$ à $\text{norme\_A}$.
        \item Prenez la racine carrée de $\text{norme\_A}$.
        \item Répétez le processus pour le vecteur $B$ et obtenez $\text{norme\_B}$.
    \end{itemize}
    
    \item \textbf{Calcul de la Similarité Cosinus :}
    \begin{itemize}
        \item Divisez $\text{produit\_scalaire}$ par le produit des normes euclidiennes de $A$ et $B$ pour obtenir la similarité cosinus.
    \end{itemize}
\end{itemize}

La formule de similarité cosinus est donnée par :
\[ \text{Similarité cosinus}(A, B) = \frac{{A \cdot B}}{{\|A\| \cdot \|B\|}} \]

\paragraph{}
Résultat:

Nous obtenons les resultat qui represente les similarité entre les 10 premiers utilisateurs


\begin{lstlisting}
[[1.    0.426 0.408 0.875 0.428 0.994 0.783 0.818 0.396 0.383]
 [0.426 1.    0.839 0.614 0.922 0.435 0.789 0.661 0.857 0.94 ]
 [0.408 0.839 1.    0.574 0.758 0.439 0.807 0.671 0.84  0.795]
 [0.875 0.614 0.574 1.    0.673 0.88  0.849 0.908 0.667 0.67 ]
 [0.428 0.922 0.758 0.673 1.    0.439 0.722 0.606 0.806 0.958]
 [0.994 0.435 0.439 0.88  0.439 1.    0.787 0.811 0.39  0.399]
 [0.783 0.789 0.807 0.849 0.722 0.787 1.    0.935 0.837 0.76 ]
 [0.818 0.661 0.671 0.908 0.606 0.811 0.935 1.    0.805 0.638]
 [0.396 0.857 0.84  0.667 0.806 0.39  0.837 0.805 1.    0.872]
 [0.383 0.94  0.795 0.67  0.958 0.399 0.76  0.638 0.872 1.   ]]
\end{lstlisting}

 
\newpage
\section{Pearson}
La seconde méthode utilise la similarité Pearson pour parvenir au même objectif.

Traduit par l'algorythme suivant:
\begin{itemize}
    \item \textbf{Initialisation :}
    \begin{itemize}
        \item Initialisez la variable $\text{cov}_{AB}$ à zéro.
        \item Initialisez les variables $\text{var}_A$ et $\text{var}_B$ à zéro.
        \item Initialisez les variables $\bar{A}$ et $\bar{B}$ à la moyenne des éléments de $A$ et $B$, respectivement.
    \end{itemize}
    
    \item \textbf{Calcul de la Covariance :}
    \begin{itemize}
        \item Pour chaque élément correspondant $a_i$ de $A$ et $b_i$ de $B$, ajoutez $(a_i - \bar{A})(b_i - \bar{B})$ à $\text{cov}_{AB}$.
    \end{itemize}
    
    \item \textbf{Calcul des Variances :}
    \begin{itemize}
        \item Pour chaque élément $a_i$ de $A$, ajoutez $(a_i - \bar{A})^2$ à $\text{var}_A$.
        \item Pour chaque élément $b_i$ de $B$, ajoutez $(b_i - \bar{B})^2$ à $\text{var}_B$.
    \end{itemize}
    
    \item \textbf{Calcul de la Similarité de Pearson :}
    \begin{itemize}
        \item Divisez $\text{cov}_{AB}$ par le produit des racines carrées de $\text{var}_A$ et $\text{var}_B$ pour obtenir la similarité de Pearson.
    \end{itemize}
\end{itemize}

La formule de similarité de Pearson est donnée par :
\[ \text{Similarité de Pearson}(A, B) = \frac{{\sum_{i=1}^{n} (a_i - \bar{A})(b_i - \bar{B})}}{{\sqrt{\sum_{i=1}^{n} (a_i - \bar{A})^2} \sqrt{\sum_{i=1}^{n} (b_i - \bar{B})^2}}} \]

\paragraph{}
Résultat:

Nous obtenons les resultat qui represente les similarité entre les 10 premiers utilisateurs

\begin{lstlisting}
[[ 1.    -0.535 -0.28   0.813 -0.392  0.991  0.72   0.714 -0.639 -0.668]
 [-0.535  1.     0.245 -0.685  0.506 -0.515 -0.599 -0.764 -0.117  0.54 ]
 [-0.28   0.245  1.    -0.371 -0.042 -0.212  0.092 -0.212  0.253  0.024]
 [ 0.813 -0.685 -0.371  1.    -0.245  0.82   0.44   0.704 -0.432 -0.401]
 [-0.392  0.506 -0.042 -0.245  1.    -0.368 -0.759 -0.784 -0.255  0.742]
 [ 0.991 -0.515 -0.212  0.82  -0.368  1.     0.727  0.69  -0.673 -0.628]
 [ 0.72  -0.599  0.092  0.44  -0.759  0.727  1.     0.727 -0.235 -0.788]
 [ 0.714 -0.764 -0.212  0.704 -0.784  0.69   0.727  1.     0.021 -0.86 ]
 [-0.639 -0.117  0.253 -0.432 -0.255 -0.673 -0.235  0.021  1.     0.021]
 [-0.668  0.54   0.024 -0.401  0.742 -0.628 -0.788 -0.86   0.021  1.   ]]
\end{lstlisting}

\newpage
\section{Donnée manquante}
\paragraph{}
En plus du jeu de donnée complet fournit, un autre jeu de donnée comportant des valeures nulles est fournit.
Celui ci prédit la note qu'un utilisateurs donerai à un film en fonction des notes données par les utilisateurs lui étant similaire.

Traduit par l'algorythme suivant:
\begin{itemize}
    \item faire un calcul de similarité entre la cible et tous les utilisateurs avec uniquement les valeurs non nulles
    \item Selectionner tous les utilisateurs ayant plus de X de similarité (X va definir la precision de la prédiction)
    \item faire la médianne des notes donné par les utilisateurs similaires
    \item cette médianne est la note prédite
\end{itemize}

\newpage
\section{Filtre}
L'objectif de la mise en place des filtres collaboratif et de permettre de filtré par rapport au utilisateurs ou au film, dans le premier cas, le système recommendera des films aimé par des utilisateurs au profil similaire, dans le second cas des films similaire a ceux aimé par l'utilisateur. 

\newpage
\section{Conclusion}
Lors de ce projet, nous avons pu réaliser différent programme python permettant d'évaluer la similarité entre différentes utilisateurs grâce au notes attribué au films.
Pour cela nous avons utiliser la similaritée de Pearson et celle de Cosinus, nous avons fait l'observation que la similaritée cosinus est bien plus simple a implementer.
Nous avons également réfléchit et travaillé sur l'implémentation d'une méthode permettant de passer outre les données manquante, malgré que nous n'avons pas obtenu de résultat, cette fonctionnalitée semble tout a fait implementable.
Nous n'avons cependant pas pu developper de fonction de tri.

\end{document}
